Welcome to try our little A.I.
Now please input the board.
0,0,0,0,0,0,0,0,0,0,0,0,0,0,0,0,0,0,0,0,0,0,0,0,0,0,0,W,B,0,0,0,0,0,0,B,W,0,0,0,0,0,0,0,0,0,0,0,0,0,0,0,0,0,0,0,0,0,0,0,0,0,0,0
   0 1 2 3 4 5 6 7 
--------------------
0 |0 0 0 0 0 0 0 0 
1 |0 0 0 0 0 0 0 0 
2 |0 0 0 0 0 0 0 0 
3 |0 0 0 W B 0 0 0 
4 |0 0 0 B W 0 0 0 
5 |0 0 0 0 0 0 0 0 
6 |0 0 0 0 0 0 0 0 
7 |0 0 0 0 0 0 0 0 
--------------------
Now the A.I shall put B at 3,2
   0 1 2 3 4 5 6 7 
--------------------
0 |0 0 0 0 0 0 0 0 
1 |0 0 0 0 0 0 0 0 
2 |0 0 0 0 0 0 0 0 
3 |0 0 B B B 0 0 0 
4 |0 0 0 B W 0 0 0 
5 |0 0 0 0 0 0 0 0 
6 |0 0 0 0 0 0 0 0 
7 |0 0 0 0 0 0 0 0 
--------------------
Please input your location of W 
---Suggestion: 2,2
2,2
   0 1 2 3 4 5 6 7 
--------------------
0 |0 0 0 0 0 0 0 0 
1 |0 0 0 0 0 0 0 0 
2 |0 0 W 0 0 0 0 0 
3 |0 0 B W B 0 0 0 
4 |0 0 0 B W 0 0 0 
5 |0 0 0 0 0 0 0 0 
6 |0 0 0 0 0 0 0 0 
7 |0 0 0 0 0 0 0 0 
--------------------
Now the A.I shall put B at 1,2
   0 1 2 3 4 5 6 7 
--------------------
0 |0 0 0 0 0 0 0 0 
1 |0 0 B 0 0 0 0 0 
2 |0 0 B 0 0 0 0 0 
3 |0 0 B W B 0 0 0 
4 |0 0 0 B W 0 0 0 
5 |0 0 0 0 0 0 0 0 
6 |0 0 0 0 0 0 0 0 
7 |0 0 0 0 0 0 0 0 
--------------------
Please input your location of W 
---Suggestion: 5,3
1,1
   0 1 2 3 4 5 6 7 
--------------------
0 |0 0 0 0 0 0 0 0 
1 |0 W B 0 0 0 0 0 
2 |0 0 W 0 0 0 0 0 
3 |0 0 B W B 0 0 0 
4 |0 0 0 B W 0 0 0 
5 |0 0 0 0 0 0 0 0 
6 |0 0 0 0 0 0 0 0 
7 |0 0 0 0 0 0 0 0 
--------------------
Now the A.I shall put B at 2,3
   0 1 2 3 4 5 6 7 
--------------------
0 |0 0 0 0 0 0 0 0 
1 |0 W B 0 0 0 0 0 
2 |0 0 W B 0 0 0 0 
3 |0 0 B B B 0 0 0 
4 |0 0 0 B W 0 0 0 
5 |0 0 0 0 0 0 0 0 
6 |0 0 0 0 0 0 0 0 
7 |0 0 0 0 0 0 0 0 
--------------------
Please input your location of W 
---Suggestion: 0,2
0,2
   0 1 2 3 4 5 6 7 
--------------------
0 |0 0 W 0 0 0 0 0 
1 |0 W W 0 0 0 0 0 
2 |0 0 W B 0 0 0 0 
3 |0 0 B B B 0 0 0 
4 |0 0 0 B W 0 0 0 
5 |0 0 0 0 0 0 0 0 
6 |0 0 0 0 0 0 0 0 
7 |0 0 0 0 0 0 0 0 
--------------------
Now the A.I shall put B at 0,0
   0 1 2 3 4 5 6 7 
--------------------
0 |B 0 W 0 0 0 0 0 
1 |0 B W 0 0 0 0 0 
2 |0 0 B B 0 0 0 0 
3 |0 0 B B B 0 0 0 
4 |0 0 0 B W 0 0 0 
5 |0 0 0 0 0 0 0 0 
6 |0 0 0 0 0 0 0 0 
7 |0 0 0 0 0 0 0 0 
--------------------
Please input your location of W 
---Suggestion: 4,5
2,0
   0 1 2 3 4 5 6 7 
--------------------
0 |B 0 W 0 0 0 0 0 
1 |0 W W 0 0 0 0 0 
2 |W 0 B B 0 0 0 0 
3 |0 0 B B B 0 0 0 
4 |0 0 0 B W 0 0 0 
5 |0 0 0 0 0 0 0 0 
6 |0 0 0 0 0 0 0 0 
7 |0 0 0 0 0 0 0 0 
--------------------
Now the A.I shall put B at 0,1
   0 1 2 3 4 5 6 7 
--------------------
0 |B B W 0 0 0 0 0 
1 |0 W B 0 0 0 0 0 
2 |W 0 B B 0 0 0 0 
3 |0 0 B B B 0 0 0 
4 |0 0 0 B W 0 0 0 
5 |0 0 0 0 0 0 0 0 
6 |0 0 0 0 0 0 0 0 
7 |0 0 0 0 0 0 0 0 
--------------------
Please input your location of W 
---Suggestion: 4,2
2,4
   0 1 2 3 4 5 6 7 
--------------------
0 |B B W 0 0 0 0 0 
1 |0 W B 0 0 0 0 0 
2 |W 0 B B W 0 0 0 
3 |0 0 B B W 0 0 0 
4 |0 0 0 B W 0 0 0 
5 |0 0 0 0 0 0 0 0 
6 |0 0 0 0 0 0 0 0 
7 |0 0 0 0 0 0 0 0 
--------------------
Now the A.I shall put B at 0,3
   0 1 2 3 4 5 6 7 
--------------------
0 |B B B B 0 0 0 0 
1 |0 W B 0 0 0 0 0 
2 |W 0 B B W 0 0 0 
3 |0 0 B B W 0 0 0 
4 |0 0 0 B W 0 0 0 
5 |0 0 0 0 0 0 0 0 
6 |0 0 0 0 0 0 0 0 
7 |0 0 0 0 0 0 0 0 
--------------------
Please input your location of W 
---Suggestion: 1,3
1,3
   0 1 2 3 4 5 6 7 
--------------------
0 |B B B B 0 0 0 0 
1 |0 W W W 0 0 0 0 
2 |W 0 B B W 0 0 0 
3 |0 0 B B W 0 0 0 
4 |0 0 0 B W 0 0 0 
5 |0 0 0 0 0 0 0 0 
6 |0 0 0 0 0 0 0 0 
7 |0 0 0 0 0 0 0 0 
--------------------
Now the A.I shall put B at 0,4
   0 1 2 3 4 5 6 7 
--------------------
0 |B B B B B 0 0 0 
1 |0 W W B 0 0 0 0 
2 |W 0 B B W 0 0 0 
3 |0 0 B B W 0 0 0 
4 |0 0 0 B W 0 0 0 
5 |0 0 0 0 0 0 0 0 
6 |0 0 0 0 0 0 0 0 
7 |0 0 0 0 0 0 0 0 
--------------------
Please input your location of W 
---Suggestion: 5,2
1,4
   0 1 2 3 4 5 6 7 
--------------------
0 |B B B B B 0 0 0 
1 |0 W W W W 0 0 0 
2 |W 0 B B W 0 0 0 
3 |0 0 B B W 0 0 0 
4 |0 0 0 B W 0 0 0 
5 |0 0 0 0 0 0 0 0 
6 |0 0 0 0 0 0 0 0 
7 |0 0 0 0 0 0 0 0 
--------------------
Now the A.I shall put B at 0,5
   0 1 2 3 4 5 6 7 
--------------------
0 |B B B B B B 0 0 
1 |0 W W W B 0 0 0 
2 |W 0 B B W 0 0 0 
3 |0 0 B B W 0 0 0 
4 |0 0 0 B W 0 0 0 
5 |0 0 0 0 0 0 0 0 
6 |0 0 0 0 0 0 0 0 
7 |0 0 0 0 0 0 0 0 
--------------------
Please input your location of W 
---Suggestion: 2,1
3,1
   0 1 2 3 4 5 6 7 
--------------------
0 |B B B B B B 0 0 
1 |0 W W W B 0 0 0 
2 |W 0 W B W 0 0 0 
3 |0 W W W W 0 0 0 
4 |0 0 0 B W 0 0 0 
5 |0 0 0 0 0 0 0 0 
6 |0 0 0 0 0 0 0 0 
7 |0 0 0 0 0 0 0 0 
--------------------
Now the A.I shall put B at 1,0
   0 1 2 3 4 5 6 7 
--------------------
0 |B B B B B B 0 0 
1 |B B B B B 0 0 0 
2 |W 0 W B W 0 0 0 
3 |0 W W W W 0 0 0 
4 |0 0 0 B W 0 0 0 
5 |0 0 0 0 0 0 0 0 
6 |0 0 0 0 0 0 0 0 
7 |0 0 0 0 0 0 0 0 
--------------------
Please input your location of W 
---Suggestion: 5,2
5,3
   0 1 2 3 4 5 6 7 
--------------------
0 |B B B B B B 0 0 
1 |B B B B B 0 0 0 
2 |W 0 W B W 0 0 0 
3 |0 W W W W 0 0 0 
4 |0 0 0 W W 0 0 0 
5 |0 0 0 W 0 0 0 0 
6 |0 0 0 0 0 0 0 0 
7 |0 0 0 0 0 0 0 0 
--------------------
Now the A.I shall put B at 3,0
   0 1 2 3 4 5 6 7 
--------------------
0 |B B B B B B 0 0 
1 |B B B B B 0 0 0 
2 |B 0 W B W 0 0 0 
3 |B W W W W 0 0 0 
4 |0 0 0 W W 0 0 0 
5 |0 0 0 W 0 0 0 0 
6 |0 0 0 0 0 0 0 0 
7 |0 0 0 0 0 0 0 0 
--------------------
B wins.
Total time usage: : 733 ms 
Program ended with exit code: 0