w[8][8]={
{27577,-5844,3065,1493,1077,2823,-6576,27747},
{-6108,-5172,-1490,-2086,-2022,-836,-5196,-5806},
{2746,-1096,1113,-1612,-1510,1549,-771,2870},
{1633,-1949,-923,0,0,-2044,-1527,1136},
{1634,-1631,-1712,0,0,-1345,-2172,1317},
{2727,-1005,1612,-1285,-2016,1093,-1080,3373},
{-6510,-5289,-1079,-2294,-1111,-1347,-5426,-6785},
{28298,-6254,2458,1728,1172,3260,-6776,27948}}

w_s[8][8]={
{27577,32178,34489,35449,35425,34319,32110,27747},
{32546,27076,14650,13604,13810,14388,26838,32156},
{34848,14708,18051,9654,9584,18133,14541,34556},
{35865,13637,9039,15809,15643,9574,14149,35554},
{35794,13335,9646,15415,15771,9317,13380,35507},
{35085,14433,18254,10221,9290,18177,13424,34519},
{32868,27485,14093,14034,13813,13583,26200,31823},
{28298,32670,34846,35906,35746,34698,32096,27948}}

w_black[8][8]={
{13891,-2824,1628,843,635,1510,-3191,13982},
{-2959,-2487,-648,-949,-916,-321,-2502,-2807},
{1472,-450,659,-709,-660,869,-287,1533},
{915,-877,-360,0,0,-928,-665,665},
{916,-716,-755,0,0,-578,-990,756},
{1462,-406,904,-547,-911,645,-442,1783},
{-3156,-2549,-440,-1052,-461,-575,-2613,-3294},
{14251,-3030,1328,958,683,1727,-3290,14076}}

