w[8][8]={
{2792719,-634828,290194,133277,133987,292907,-640461,2792141},
{-639439,-534269,-105447,-185271,-185658,-96549,-533462,-631982},
{296899,-103500,127710,-148439,-153334,123715,-102624,291699},
{133625,-186670,-150418,0,0,-154931,-185471,134176},
{132561,-184466,-151508,0,0,-152339,-180922,134657},
{291285,-96017,123918,-146790,-150518,130071,-103314,296055},
{-640795,-534037,-103774,-182132,-188671,-105241,-536888,-638507},
{2794063,-636160,297153,132418,134495,295275,-639591,2792289}}

w_s[8][8]={
{2792719,3224034,3467062,3570225,3569845,3468037,3225103,2792141},
{3222533,2670799,1407449,1369451,1372804,1408877,2677056,3224930},
{3466953,1405622,1827564,971441,971156,1829985,1412550,3464253},
{3568445,1372200,958958,1565488,1568684,971655,1374127,3566372},
{3570707,1369358,967528,1566912,1571544,969255,1372824,3568331},
{3463557,1406679,1834392,966542,968576,1827645,1408346,3466789},
{3218265,2671459,1407854,1370756,1365049,1403771,2670310,3220663},
{2794063,3223078,3466465,3567358,3568563,3467795,3221785,2792289}}

w_black[8][8]={
{1397048,-316861,145596,67231,67478,147017,-319716,1396540},
{-319187,-266477,-52068,-92151,-92240,-47784,-266303,-315458},
{148952,-51146,64483,-73654,-76118,62334,-50853,146434},
{67416,-92853,-74633,0,0,-76917,-92134,67598},
{66779,-91632,-75191,0,0,-75563,-89944,67913},
{146217,-47533,62434,-72839,-74697,65685,-51035,148528},
{-319861,-266594,-51414,-90480,-93838,-52013,-267764,-318711},
{1397459,-317584,149161,66675,67841,148132,-319252,1396736}}

